16
0
# -s 21 -a 4 -f 2 -l 0.5 -u 0.75 -r 7 -v 0 -S 1 
# fs-0_0.ppm 128
0.121814 0.101243 0.0358536 0.0263002 0.0154721 0.0036933 0.244137 0.212115 0.389698 0.453559 0.0340769 0.0078147 0.0166767 0.0146217 0.0241161 0.0539148 0.336831 0.160322 0.262016 0.252643 0.0641505 0.0462741 0.000963532 0.0633946 0.117696 0.00717197 0.261658 0.245983 0.539031 0.495 0.0888875 0.0927895 0.260282 0.314742 0.0271254 0.0502794 0.0116707 0.00567793 0.0293581 0.0273362 0.669979 0.609181 0.0534167 0.0950536 0.13855 0.0901889 0.339332 0.285705 1 0.65898 0.427713 0.121234 0.412758 0.234045 0.454541 0.331344 0.182685 0.278981 0.127962 0.104647 0.257585 0.0449367 0.41681 0.352589 0.54222 0.535848 0.686337 0.388882 0.629976 0.247886 0.491005 0.405121 0.445044 0.292308 0.277021 0.140894 0.331449 0.142461 0.76441 0.475643 0.247306 0.222658 0.113521 0.215917 0.342458 0.240053 0.43576 0.265906 0 0.0830689 0.0134277 0.0173052 0.0405239 0.0263092 0.0593684 0.0534318 0.0992006 0.0896891 0.0580031 0.0686437 0.022242 0.0197326 0.0386691 0.0357532 0.0212546 0.0283081 0.239419 0.226917 0.282819 0.300539 0.181232 0.125528 0.241832 0.206152 0.388517 0.391946 0.000131052 0.0394049 0.163864 0.0675796 0.160155 0.160486 0.128027 0.109654 0.256945 0.205166 0.0324769 0.0455529 
# fs-0_1.ppm 128
0.00782917 0.00360087 0 0.0441808 0.0611388 0.0352396 0.230152 0.230094 0.205816 0.165101 0.207363 0.0974643 0.000192478 0.0167844 0.0882219 0.0155895 0.312621 0.150069 0.269097 0.245036 0.0589268 0.0528604 0.0043797 0.0631769 0.0869748 0.0386657 0.241961 0.226386 0.528004 0.488319 0.08711 0.0875987 0.269908 0.319967 0.028159 0.0454167 0.0269972 0.0160446 0.0425948 0.0470539 0.666437 0.619347 0.0372659 0.0745278 0.122016 0.0591635 0.315671 0.254555 1 0.652474 0.404177 0.105189 0.409243 0.265921 0.448982 0.331323 0.148374 0.236022 0.12196 0.0768202 0.253164 0.0365746 0.412264 0.355066 0.528319 0.532328 0.669767 0.383729 0.600773 0.227962 0.501306 0.411332 0.439731 0.286392 0.273974 0.122059 0.324684 0.13065 0.764391 0.479691 0.517803 0.443265 0.139072 0.21714 0.323247 0.145703 0.209082 0.198974 0.0469555 0.0229846 0.011823 0.0186899 0.0162671 0.0190534 0.0377714 0.0280367 0.0886147 0.0834733 0.0515048 0.0448004 0.0320757 0.0185328 0.0165807 0.0222111 0.0134532 0.012124 0.246849 0.198757 0.283276 0.302679 0.160005 0.0995008 0.105766 0.0310395 0.265989 0.265267 0.0716483 0.02434 0.0843823 0.0272608 0.157257 0.172616 0.113743 0.095184 0.250914 0.190172 0.0285168 0.0444634 
# fs-0_2.ppm 128
0.0160792 0 0.015229 0.0195395 0.0849466 0.0569975 0.21139 0.23471 0.222821 0.18491 0.198139 0.099558 0.00772564 0.0558568 0.0615401 0.0586088 0.408044 0.437058 0.0327915 0.0817793 0.0238144 0.0184554 0.0799774 0.0428785 0.10123 0.0311628 0.230464 0.246819 0.502176 0.432242 0.0798511 0.097543 0.283958 0.318844 0.00931246 0.0523072 0.00356885 0.00998341 0.0398277 0.0357383 0.399663 0.45692 0.381615 0.33468 0.103963 0.0983191 0.0899339 0.0737194 1 0.616889 0.468175 0.159318 0.382246 0.190278 0.33556 0.235271 0.130387 0.140844 0.233758 0.219581 0.347883 0.213186 0.863786 0.696199 0.156888 0.257928 0.445852 0.592844 0.218169 0.123051 0.0381541 0.133672 0.477489 0.352315 0.222077 0.152122 0.255643 0.12012 0.720993 0.50537 0.560206 0.509564 0.148159 0.239186 0.254913 0.155073 0.223639 0.161174 0.0242133 0.0378715 0.0272232 0.00996207 0.00782911 0.0285247 0.0241689 0.0211826 0.102353 0.082449 0.0837815 0.0583551 0.0189127 0.021043 0.0455037 0.0149875 0.0231126 0.0152761 0.248908 0.213132 0.312495 0.315251 0.168587 0.123524 0.0864887 0.0493908 0.232425 0.258373 0.0679166 0.0362568 0.0815584 0.0527984 0.154781 0.153333 0.0900014 0.0752306 0.227612 0.177277 0.0198667 0.00584021 
# fs-0_3.ppm 128
0.019371 0 0.00908015 0.0378647 0.0754316 0.0544481 0.2109 0.235656 0.313579 0.300924 0.0853746 0.0127966 0.0325972 0.0647019 0.0521186 0.025185 0.327131 0.450477 0.0867226 0.129902 0.0211931 0.0111977 0.110176 0.0920919 0.0816322 0.0594484 0.234399 0.231924 0.510266 0.455595 0.078374 0.0904482 0.272781 0.314558 0.0318071 0.0394648 0.0220462 0.00726625 0.0367686 0.0213378 0.394828 0.448638 0.400617 0.327468 0.0984277 0.0700928 0.0775282 0.0696015 1 0.61145 0.471851 0.165611 0.400418 0.203445 0.351513 0.221505 0.154112 0.149591 0.228742 0.225984 0.349129 0.233371 0.859535 0.68176 0.175628 0.264201 0.439562 0.582091 0.222297 0.103212 0.0309499 0.123284 0.486318 0.379215 0.227607 0.135898 0.248537 0.11926 0.71707 0.488635 0.388276 0.293105 0.293875 0.325728 0.291208 0.188592 0.151953 0.257598 0.025377 0.024303 0.0557558 0.0236799 0.00986998 0.00733158 0.0264095 0.032609 0.0972315 0.0714878 0.0810497 0.0798084 0.0162878 0.0437001 0.036393 0.0149482 0.0120184 0.0291666 0.251216 0.209699 0.310469 0.333418 0.165978 0.104182 0.0791821 0.0421882 0.234188 0.244363 0.0648959 0.0320381 0.0734424 0.0328924 0.150959 0.130319 0.0847907 0.0648877 0.220659 0.172446 0.0182747 0.0317894 
# fs-1_0.ppm 128
0.127027 0.109091 0.0407194 0.0224821 0.0263433 0.0105758 0.241206 0.21835 0.398359 0.454384 0.00788364 0.0276004 0.0149263 0.019882 0.0190555 0.0289915 0.313954 0.145404 0.270558 0.269174 0.0919114 0.0360098 0.0368424 0.0719156 0.0945857 0.0362943 0.245808 0.241722 0.529204 0.489523 0.101733 0.104147 0.281969 0.369708 0.0182717 0.0436452 0.0215802 0 0.0203226 0.0306401 0.600677 0.526353 0.0702131 0.182071 0.158813 0.0946865 0.271427 0.313678 1 0.671895 0.415848 0.115066 0.413488 0.236461 0.467163 0.321997 0.174481 0.262323 0.149063 0.0835328 0.264591 0.0124082 0.382456 0.324049 0.573548 0.587466 0.670022 0.367915 0.6014 0.225556 0.508246 0.412458 0.462703 0.322237 0.264525 0.145662 0.312534 0.124754 0.757785 0.494698 0.107293 0.0971738 0.0726567 0.106701 0.231428 0.311432 0.53091 0.432294 0.147597 0.12248 0.0748077 0.0614476 0.0533861 0.0383575 0.110383 0.0898614 0.00436334 0.000426232 0.0411088 0.0399702 0.0411043 0.0266908 0.0356885 0.0159523 0.0687709 0.0170068 0.118802 0.0989264 0.340684 0.345944 0.0695923 0.0224941 0.601222 0.627007 0.17185 0.20972 0.0741442 0.0275552 0.101672 0.175605 0.169036 0.157773 0.131028 0.117824 0.257268 0.204337 0.0472186 0.0362075 
# fs-1_1.ppm 128
0.116811 0.0625117 0.0549373 0.0229708 0.0184486 0.00734142 0.22128 0.20079 0.413007 0.463265 0.0589206 0.0303179 0.0113227 0.0253466 0.0830099 0.0633108 0.320302 0.1662 0.241623 0.262822 0.081433 0.0577031 0.0249833 0.0786195 0.106317 0.0351087 0.231618 0.235185 0.537298 0.470871 0.0766752 0.0970785 0.287088 0.374106 0.0362779 0.0385332 0.0348266 0.0152372 0.00131643 0.0366599 0.620529 0.573068 0.0544557 0.146917 0.157702 0.108131 0.288039 0.317361 1 0.645961 0.541534 0.241987 0.343814 0.185585 0.319156 0.311853 0.181136 0.256317 0.136699 0.0833724 0.212792 0.0957383 0.441884 0.382864 0.50151 0.482035 0.782027 0.379859 0.559584 0.298888 0.406743 0.297008 0.479176 0.348994 0.2292 0.133183 0.260658 0.135138 0.753252 0.526471 0.223721 0.194304 0.168606 0.0210479 0.460333 0.567617 0.535042 0.409042 0.0267331 0.0791687 0 0.0128038 0.0377129 0.0237161 0.0405475 0.0161193 0.0118772 0.005998 0.0914883 0.0364089 0.111584 0.0630632 0.0136137 0.0218255 0.0446261 0.0153489 0.0859794 0.0570478 0.204309 0.195147 0.0501824 0.0571481 0.348748 0.343104 0.148406 0.179254 0.0472805 0.0184387 0.118161 0.13637 0.0243477 0.00822801 0.0569075 0.041059 0.187443 0.179539 0.0421661 0.0731795 
# fs-1_2.ppm 128
0.00993438 0.0206842 0.0166635 0.0249841 0.0815317 0.0535635 0.205651 0.220728 0.21689 0.179603 0.235953 0.120319 0.00710638 0.032134 0.0790182 0.03718 0.319084 0.177832 0.240341 0.291113 0.0961439 0.0707628 0.0241783 0.0756042 0.117224 0.0225063 0.242646 0.236245 0.526439 0.474593 0.0864487 0.112171 0.302342 0.386176 0.0324017 0.0357557 0.0175605 0.0054398 0.00741851 0.017578 0.611707 0.555418 0.0629322 0.130686 0.157376 0.111481 0.282089 0.308396 1 0.657837 0.53218 0.230806 0.363767 0.17629 0.31797 0.287995 0.171206 0.250604 0.111151 0.0573398 0.207346 0.0829312 0.461006 0.412312 0.502907 0.502266 0.782387 0.384449 0.558026 0.325114 0.396797 0.297087 0.450201 0.299424 0.212566 0.125957 0.26603 0.123187 0.739274 0.515259 0.161661 0.186213 0.125984 0.134254 0.805932 0.665303 0.447484 0.503076 0.00759095 0.00938873 0.0104706 0.00525998 0.0509437 0.0218635 0.0148983 0.00586935 0.114955 0.0895219 0.0297532 0.0103279 0.0488196 0.0101477 0.0188324 0.00212494 0.103348 0.0752358 0.216904 0.163468 0.326941 0.266966 0.133696 0.0542407 0.326352 0.337838 0.159004 0.174707 0.0356388 0 0.100478 0.106785 0.010753 0.0232883 0.0370781 0.00122384 0.136797 0.127398 0.0113864 0.0223409 
# fs-1_3.ppm 128
0.0211967 0.00901818 0.0255018 0.0144089 0.0958528 0.0518873 0.235424 0.248357 0.236204 0.201179 0.233819 0.118902 0.0115342 0.0435906 0.0731989 0.0356257 0.320622 0.167224 0.255878 0.286447 0.0951481 0.058089 0.0302704 0.088974 0.0933006 0.0434467 0.172091 0.239538 0.525887 0.493741 0.0562838 0.103692 0.303062 0.26071 0.0139812 0.0489762 0.0168857 0.012042 0.0209979 0.0390556 0.60011 0.512415 0.0558913 0.143016 0.13008 0.0951764 0.350577 0.387911 1 0.629483 0.548713 0.245925 0.362489 0.187421 0.32065 0.290118 0.191238 0.271507 0.134148 0.0699054 0.219414 0.100407 0.455475 0.391319 0.52727 0.529124 0.773555 0.352923 0.579751 0.349484 0.421211 0.308122 0.483037 0.341662 0.243272 0.145389 0.270543 0.127737 0.753642 0.515022 0.376767 0.335715 0.27396 0.176212 0.502112 0.466888 0.220501 0.438276 0.0157325 0.0209153 0.0104225 0.00486281 0.0217496 0.0283079 0.00258147 0.00879099 0.175796 0.191976 0.109371 0.0528584 0.0928441 0.0609742 0.18893 0.135095 0.210622 0.165925 0.237387 0.14493 0.28389 0.241183 0.20333 0.109667 0.144747 0.0855432 0.340318 0.314357 0.0524761 0.0160922 0.0349885 0.0189462 0.00874734 0 0.0160768 0.0151693 0.103737 0.108138 0.0188852 0.0180877 
# fs-2_0.ppm 128
0.109031 0.0746227 0.031742 0.00990763 0.0144721 0.00385059 0.207315 0.185568 0.405786 0.495568 0.0762082 0.0535974 0.00475332 0.0258472 0.0711607 0.0828341 0.339127 0.18047 0.274075 0.281873 0.0741327 0.0509062 0.0295691 0.0679251 0.0947605 0.039468 0.191326 0.263362 0.53603 0.449762 0.0663747 0.110789 0.0313986 0.0199229 0.00736434 0.00283003 0 0.0170004 0.00927343 0.00951865 0.239822 0.236485 0.134287 0.0918664 0.00837275 0.0589647 0.612532 0.678105 1 0.646212 0.505707 0.188901 0.344544 0.175342 0.317527 0.293855 0.174515 0.246345 0.139361 0.0550385 0.202244 0.0977009 0.440302 0.388664 0.478057 0.482051 0.756897 0.358248 0.541821 0.292995 0.396832 0.293012 0.450066 0.303778 0.237574 0.142283 0.254306 0.11352 0.727733 0.49505 0.0916887 0.0670607 0.0595644 0.130495 0.289971 0.400531 0.469604 0.36555 0.121503 0.0957097 0.0496181 0.0298196 0.0534651 0.0345933 0.10235 0.0905359 0.0968828 0.07512 0.0833601 0.0711424 0.0174851 0.0277382 0.0463349 0.00948355 0.0170433 0.0110471 0.239755 0.199866 0.300371 0.322284 0.166042 0.105374 0.553177 0.538463 0.150601 0.194722 0.0414919 0.00359299 0.12348 0.192364 0.139962 0.147422 0.0876551 0.0868535 0.19218 0.155071 0.0129038 0.0235902 
# fs-2_1.ppm 128
0.11548 0.0704444 0.0533273 0.0164969 0.0116271 0.0103846 0.229783 0.207034 0.416219 0.546655 0.0639717 0.0519194 0.00499682 0.0460673 0.0826761 0.0996334 0.171802 0.0928665 0.258575 0.303864 0.0369247 0.0182206 0.125139 0.144575 0.104773 0.0211774 0.144146 0.22211 0.533816 0.482208 0.060704 0.114277 0.0534265 0.0221838 0.0240786 0.0182179 0.0510226 0.0290407 0.0150523 0.0165461 0.262091 0.271586 0.158407 0.103852 0.0615768 0.0676237 0.599136 0.657335 1 0.635883 0.499665 0.212426 0.355106 0.19945 0.292907 0.273974 0.177453 0.257908 0.121554 0.0476448 0.205836 0.10265 0.424782 0.377506 0.501234 0.51135 0.756125 0.361391 0.5342 0.299632 0.406769 0.302513 0.439609 0.314322 0.221698 0.135832 0.268344 0.136928 0.730558 0.503609 0.299252 0.16364 0.153798 0.146936 0.522543 0.551391 0.491448 0.384793 0.0243808 0.041923 0.00633014 0.0180658 0.0060832 0.0212935 0.0255895 0.017246 0.110764 0.0946223 0.080371 0.0700678 0.0368099 0.0224439 0.0446103 0.0255495 0.0165324 0 0.243363 0.189914 0.311219 0.335168 0.183436 0.114925 0.366938 0.32969 0.204434 0.245022 0.017298 0.0388267 0.147668 0.0916081 0.159615 0.15721 0.105577 0.0929512 0.229653 0.179591 0.0239252 0.0205218 
# fs-2_2.ppm 128
0.0147629 0.0154113 0.0414843 0.0380494 0 0.0108968 0.337404 0.311484 0.170291 0.141059 0.117367 0.0854164 0.0165136 0.0198977 0.0488112 0.0215881 0.058765 0.0246693 0.211756 0.215792 0.0294571 0.0140128 0.0584831 0.0396873 0.0791125 0.0292738 0.167615 0.24664 0.549407 0.481495 0.0459825 0.108091 0.0461117 0.0116326 0.0140027 0.00512533 0.0266437 0.0173359 0.0253401 0.0176789 0.255482 0.245343 0.137972 0.0981647 0.0464187 0.0785109 0.645804 0.717709 1 0.652942 0.43584 0.124005 0.422259 0.24402 0.468749 0.318943 0.153158 0.25321 0.12262 0.0907832 0.251502 0.0441147 0.419856 0.348162 0.576268 0.567397 0.648154 0.357285 0.609802 0.218849 0.502768 0.416777 0.450975 0.293989 0.265792 0.126251 0.318419 0.126212 0.787371 0.508828 0.305065 0.158591 0.115654 0.0993579 0.527141 0.568137 0.559736 0.362547 0.0388427 0.0516532 0.0134051 0.0219006 0.00549075 0.00456863 0.0449918 0.0207339 0.106081 0.102144 0.0500908 0.0561398 0.0117439 0.0200074 0.0332164 0.0446407 0.0180975 0.032224 0.246925 0.236785 0.282757 0.316369 0.165568 0.103586 0.648054 0.601359 0.0851721 0.0738747 0.0169328 0.0100933 0.0744369 0.0903668 0.165451 0.17888 0.124488 0.10173 0.254567 0.195118 0.0228681 0.027083 
# fs-2_3.ppm 128
0.0115082 0.00404048 0.0175952 0.0240266 0.0132897 0.0278121 0.272021 0.252036 0.143887 0.114979 0.086142 0.0702497 0.0183137 0.00486793 0.0493528 0.0200593 0.0695537 0.0782201 0.135337 0.132534 0.0891404 0.0945263 0.00871443 0.026295 0.0743806 0.0230431 0.138022 0.202968 0.469434 0.405974 0.0428042 0.0904372 0.0224755 0.0220295 0.0154712 0.0132608 0.0193554 0.0146522 0.0110664 0.0139989 0.237817 0.227175 0.0755454 0.0396185 0.0884094 0.0717377 0.472688 0.56306 1 0.785191 0.311975 0.0867538 0.380913 0.250773 0.427936 0.202462 0.123407 0.119401 0.123408 0.116881 0.212328 0.122261 0.591993 0.500873 0.285107 0.357948 0.782653 0.577602 0.0856579 0.119669 0.210454 0.0439224 0.374216 0.265839 0.212447 0.0993087 0.267696 0.10956 0.627869 0.388171 0.157553 0.123749 0.165702 0.0606808 0.521212 0.543108 0.317057 0.104995 0.036018 0.0271591 0.0105009 0.0147273 0.0059508 0 0.0311859 0.0115648 0.0189396 0.00991342 0.0913241 0.0734372 0.047387 0.0504927 0.0207492 0.0412648 0.0331137 0.0302528 0.195343 0.197261 0.238631 0.22592 0.150071 0.102974 0.626067 0.593852 0.114288 0.0631987 0.0120626 0.0143304 0.0841033 0.0924003 0.12831 0.136478 0.142995 0.0647066 0.0777555 0.0792729 0.0242866 0.0365362 
# fs-3_0.ppm 128
0.121097 0.0995108 0.0209991 0.00380863 0 0.0105558 0.194455 0.178125 0.364476 0.423641 0.0292209 0.0307386 0.0038224 0.0125394 0.0358063 0.0593855 0.134337 0.156626 0.159544 0.185488 0.0789909 0.0716174 0.0543263 0.0917093 0.0722889 0.0407031 0.214009 0.195703 0.453162 0.405978 0.0744268 0.0748415 0.236931 0.286231 0.012224 0.0350766 0.0231973 0.00502212 0.0460163 0.0435392 0.582736 0.565781 0.0512148 0.109358 0.0725721 0.0152535 0.132246 0.114666 1 0.79878 0.310267 0.0968635 0.381343 0.246437 0.442421 0.20573 0.128706 0.109539 0.112313 0.0969693 0.195242 0.1076 0.565616 0.531062 0.288735 0.346403 0.770719 0.586087 0.0911567 0.0976073 0.22439 0.061698 0.362353 0.237679 0.218676 0.102265 0.264137 0.103649 0.628963 0.381888 0.0868314 0.0747565 0.0714635 0.086681 0.209624 0.277483 0.437631 0.348801 0.133296 0.107171 0.0434625 0.0389398 0.0426088 0.038929 0.0931439 0.0793372 0.0161878 0.00902104 0.0452924 0.0267259 0.0398584 0.0267154 0.024532 0.0132968 0.0414316 0.0136803 0.10278 0.0866045 0.29067 0.295956 0.0531882 0.0209896 0.503447 0.523391 0.147032 0.173899 0.0429219 0.0114863 0.0837751 0.139995 0.148098 0.147493 0.100416 0.0928477 0.219827 0.174075 0.0322264 0.0276657 
# fs-3_1.ppm 128
0.0983781 0.0814313 0.0240737 0.0164678 0.010377 0.013383 0.212475 0.193851 0.372214 0.437313 0.027045 0.0479206 0.0286682 0.000175611 0.0364026 0.0634418 0.135255 0.15358 0.160771 0.182677 0.0880723 0.0886055 0.0629419 0.0926016 0.0848811 0.0319095 0.213407 0.197307 0.445978 0.410108 0.0773723 0.0822959 0.236912 0.29102 0.0195701 0.0473901 0.0200925 0.00283748 0.0265382 0.0270883 0.585385 0.568949 0.050727 0.0993271 0.0841675 0.0203904 0.150766 0.142612 1 0.781529 0.3205 0.105249 0.3791 0.229391 0.424671 0.225798 0.119174 0.100722 0.131677 0.108378 0.205712 0.10892 0.579992 0.543963 0.2736 0.344393 0.778439 0.582513 0.0957036 0.128189 0.209643 0.0420667 0.374775 0.251318 0.208363 0.0903741 0.277586 0.125242 0.644876 0.413128 0.0972742 0.104213 0.0692792 0.0637827 0.182524 0.24742 0.451286 0.361487 0.0204213 0.0287171 0.0622712 0.0782628 0.041726 0.0798073 0.185398 0.101328 0.00465648 0.0127801 0 0.00549855 0.0364696 0.0285045 0.0274852 0.0133012 0.236089 0.273606 0.213571 0.230708 0.311592 0.241109 0.175409 0.116732 0.098986 0.103102 0.0300163 0.0262411 0.0185208 0.0165693 0.0480899 0.0168257 0.0233078 0.0170358 0.0102794 0.00847724 0.0469222 0.0458119 0.0572292 0.0105145 
# fs-3_2.ppm 128
0.111191 0.0843171 0.0153021 0.00759769 0 0.00855298 0.198077 0.183404 0.351213 0.424221 0.0122666 0.0219244 0.0130184 0.0138526 0.0325569 0.0550169 0.150318 0.171408 0.149532 0.153427 0.0740791 0.0928352 0.0616467 0.0784487 0.0709308 0.0335346 0.116082 0.170481 0.432961 0.432776 0.0379447 0.0858575 0.164762 0.12448 0.0291785 0.024454 0.0108648 0.00776028 0.0524442 0.0675795 0.496529 0.47967 0.0756846 0.109577 0.0269594 0.022363 0.167403 0.12626 1 0.789492 0.308033 0.0933627 0.368628 0.232809 0.428307 0.216115 0.136617 0.102839 0.118882 0.109596 0.192041 0.0946581 0.56002 0.532105 0.260869 0.340213 0.77035 0.56669 0.0778952 0.117697 0.204871 0.0560248 0.371274 0.245347 0.220944 0.11312 0.279605 0.125891 0.632762 0.403671 0.075521 0.0788203 0.0658287 0.0737206 0.183943 0.252464 0.455967 0.364371 0.0293273 0.0449997 0.0540876 0.0618291 0.0360447 0.0772702 0.183566 0.0949014 0.112264 0.0992298 0.0871845 0.0303926 0.0722336 0.0610661 0.197757 0.169227 0.280321 0.257758 0.0965685 0.10239 0.386658 0.332326 0.17884 0.0749713 0.0946345 0.0940532 0.0337555 0.02647 0.0227665 0.012446 0.0469678 0.0260975 0.014429 0.0123683 0.02362 0.0114748 0.066828 0.0768187 0.0206949 0.0261108 
# fs-3_3.ppm 128
0.0116559 0.0159356 0.00611606 0.0363965 0.0728208 0.0374336 0.245479 0.218473 0.00771232 0.0029011 0.0206002 0.0353718 0.0526996 0.0356543 0.0250895 0.0287836 0.0156028 0.00876617 0.140562 0.0749113 0.0186802 0.0437547 0.0728323 0.0127735 0.0932136 0.0194794 0.117124 0.178515 0.428612 0.439188 0.0502091 0.0892923 0.139827 0.109576 0.0261366 0.0169894 0.020689 0.0211427 0.0648862 0.0787337 0.509647 0.498792 0.0664399 0.11378 0.0465127 0 0.187837 0.145515 1 0.785245 0.318121 0.0939381 0.358375 0.231274 0.429646 0.202556 0.128078 0.120431 0.124533 0.112579 0.210789 0.115701 0.564811 0.538096 0.269112 0.332152 0.784056 0.587084 0.0930317 0.0997453 0.210193 0.0432252 0.378405 0.254353 0.210587 0.108082 0.296305 0.141106 0.648888 0.418125 0.0794386 0.0764275 0.0635006 0.0796173 0.193127 0.268862 0.448011 0.350516 0.0192265 0.0279637 0.0634955 0.0746519 0.0390918 0.0827848 0.202004 0.0987866 0.0134665 0.00429269 0.00970438 0.012058 0.00937287 0.0116687 0.00500735 0.0105151 0.290962 0.255066 0.138332 0.0637721 0.366681 0.308231 0.140051 0.0450958 0.0892382 0.130965 0.0534267 0.0274492 0.0229478 0.0162539 0.109707 0.0408179 0.308433 0.292632 0.038778 0.0349677 0.00229458 0.00243642 0.0625194 0.0297265 

